1,.2604,.5665,.5620,.5020,.2499,.2391,.2204,.1262,.1255,.1022,.0663,.0659,.0317,.0229,.0274,.0274,.0248,.0159,.0159,.0159,.0156,.0137,.0137,.0135,.0071,.0015,.0015,.0010,.0010,.0013,.0010,.0007,.0007,.0007,.0007,.0007,.0007,.0004,.0004,.0004,.0004,.0006,.0006,.0006,.0005,.0012,.0009,.0009,.0009,.0009,.0017,.0004,.0004,.0004,.0002,.0002,.0002,.0002,.0002,.0010,.0010,.0010,.0010,.0018,.0004,.0004,.0004,.0004,.0002,.0002,.0002,.0002,.0002,.0002,.0002,.0002,.0002,.0002,.0002,.0002,0,0
.2604,1,.5665,.5620,.5020,.2499,.2391,.2204,.1262,.1255,.1022,.0663,.0659,.0317,.0229,.0274,.0274,.0248,.0159,.0159,.0159,.0156,.0137,.0137,.0135,.0071,.0015,.0015,.0010,.0010,.0013,.0010,.0007,.0007,.0007,.0007,.0007,.0007,.0004,.0004,.0004,.0004,.0006,.0006,.0006,.0005,.0012,.0009,.0009,.0009,.0009,.0017,.0004,.0004,.0004,.0002,.0002,.0002,.0002,.0002,.0010,.0010,.0010,.0010,.0018,.0004,.0004,.0004,.0004,.0002,.0002,.0002,.0002,.0002,.0002,.0002,.0002,.0002,.0002,.0002,.0002,0,0
.5665,.5665,1,.3445,.3673,.3012,.2907,.2818,.1668,.1662,.1402,.0520,.0518,.0280,.0215,.0242,.0242,.0231,.0145,.0145,.0144,.0142,.0136,.0136,.0135,.0073,.0022,.0021,.0016,.0016,.0018,.0016,.0015,.0015,.0015,.0015,.0015,.0015,.0015,.0015,.0015,.0015,.0014,.0014,.0014,.0012,.0011,.0009,.0009,.0009,.0009,.0014,.0003,.0003,.0003,.0002,.0002,.0002,.0002,.0002,.0009,.0009,.0009,.0009,.0015,.0004,.0004,.0004,.0004,.0002,.0002,.0002,.0002,.0002,.0002,.0002,.0001,.0001,.0001,.0001,.0001,0,0
.5620,.5620,.3445,1,.4112,.3262,.3155,.3052,.1871,.1862,.1445,.0551,.0549,.0283,.0217,.0245,.0245,.0233,.0146,.0146,.0146,.0143,.0137,.0137,.0136,.0073,.0014,.0014,.0009,.0009,.0011,.0009,.0009,.0009,.0009,.0009,.0009,.0009,.0008,.0008,.0008,.0008,.0008,.0008,.0008,.0007,.0011,.0009,.0009,.0009,.0009,.0014,.0003,.0003,.0003,.0002,.0002,.0002,.0002,.0002,.0009,.0009,.0009,.0009,.0015,.0004,.0004,.0004,.0004,.0002,.0002,.0002,.0002,.0002,.0002,.0002,.0002,.0002,.0002,.0001,.0001,.0002,.0002
.5020,.5020,.3673,.4112,1,.5472,.5225,.4965,.3097,.3086,.2299,.0636,.0635,.0335,.0270,.0290,.0290,.0271,.0182,.0182,.0182,.0179,.0173,.0173,.0175,.0112,.0027,.0026,.0020,.0020,.0022,.0019,.0019,.0019,.0018,.0018,.0018,.0018,.0018,.0018,.0018,.0021,.0020,.0017,.0020,.0018,.0023,.0021,.0035,.0035,.0035,.0019,.0003,.0003,.0003,.0002,.0002,.0002,.0002,.0002,.0037,.0037,.0037,.0037,.0020,.0004,.0004,.0004,.0004,.0002,.0002,.0002,.0002,.0002,.0001,.0001,.0001,.0001,.0001,.0006,.0006,.0004,.0004
.2499,.2499,.3012,.3262,.5472,1,.5693,.6951,.6201,.6182,.5233,.1835,.1829,.1119,.1002,.0859,.0859,.0818,.0383,.0383,.0399,.0370,.0499,.0499,.0514,.0261,.0130,.0133,.0110,.0110,.0107,.0106,.0103,.0103,.0102,.0102,.0101,.0101,.0091,.0091,.0091,.0094,.0084,.0081,.0084,.0073,.0087,.0085,.0108,.0108,.0108,.0100,.0134,.0134,.0134,.0083,.0083,.0083,.0083,.0083,.0121,.0115,.0115,.0115,.0106,.0145,.0145,.0145,.0145,.0086,.0085,.0085,.0085,.0086,.0075,.0075,.0075,.0075,.0075,.0073,.0073,.0025,.0025
.2391,.2391,.2907,.3155,.5225,.5693,1,.6249,.6078,.6058,.5389,.1954,.1949,.1278,.1164,.1007,.1007,.0966,.0475,.0475,.0491,.0460,.0605,.0605,.0620,.0341,.0190,.0193,.0165,.0165,.0161,.0160,.0147,.0147,.0146,.0139,.0139,.0139,.0128,.0128,.0128,.0130,.0120,.0116,.0119,.0103,.0122,.0120,.0142,.0142,.0142,.0144,.0178,.0178,.0178,.0107,.0107,.0107,.0107,.0107,.0157,.0152,.0152,.0152,.0153,.0192,.0191,.0191,.0191,.0110,.0110,.0110,.0110,.0110,.0097,.0097,.0097,.0075,.0075,.0073,.0073,.0025,.0025
.2204,.2204,.2818,.3052,.4965,.6951,.6249,1,.5968,.5948,.5589,.2032,.2026,.1353,.1251,.1069,.1069,.1052,.0518,.0518,.0537,.0507,.0620,.0620,.0635,.0339,.0193,.0196,.0163,.0163,.0159,.0158,.0145,.0145,.0144,.0137,.0137,.0137,.0126,.0126,.0126,.0128,.0118,.0114,.0117,.0102,.0120,.0118,.0149,.0149,.0149,.0142,.0175,.0175,.0174,.0106,.0106,.0106,.0106,.0106,.0165,.0159,.0159,.0159,.0150,.0188,.0189,.0188,.0188,.0110,.0110,.0110,.0110,.0110,.0097,.0097,.0097,.0076,.0076,.0074,.0074,.0026,.0026
.1262,.1262,.1668,.1871,.3097,.6201,.6078,.5968,1,.4773,.7290,.3116,.3096,.2227,.2128,.1705,.1705,.1745,.0785,.0785,.0798,.0773,.0966,.0966,.0982,.0491,.0273,.0276,.0232,.0232,.0229,.0228,.0181,.0181,.0180,.0173,.0173,.0173,.0171,.0171,.0171,.0157,.0148,.0148,.0147,.0127,.0150,.0147,.0160,.0159,.0160,.0188,.0166,.0166,.0166,.0094,.0094,.0094,.0094,.0094,.0178,.0173,.0173,.0173,.0199,.0178,.0179,.0178,.0178,.0098,.0098,.0098,.0098,.0098,.0087,.0087,.0086,.0067,.0067,.0062,.0062,.0023,.0023
.1255,.1255,.1662,.1862,.3086,.6182,.6058,.5948,.4773,1,.7258,.3193,.3171,.2271,.2157,.1753,.1753,.1772,.0805,.0805,.0818,.0793,.0996,.0996,.1011,.0507,.0280,.0283,.0239,.0239,.0235,.0234,.0187,.0187,.0186,.0179,.0179,.0179,.0176,.0176,.0177,.0163,.0154,.0154,.0153,.0132,.0156,.0153,.0165,.0165,.0165,.0196,.0166,.0166,.0165,.0094,.0094,.0094,.0094,.0094,.0184,.0179,.0179,.0179,.0208,.0178,.0178,.0178,.0178,.0098,.0098,.0098,.0098,.0098,.0087,.0087,.0086,.0067,.0067,.0062,.0062,.0023,.0023
.1022,.1022,.1402,.1445,.2299,.5233,.5389,.5589,.7290,.7258,1,.4108,.4028,.3101,.2798,.2309,.2309,.2325,.1246,.1246,.1241,.1211,.1314,.1314,.1323,.0744,.0292,.0285,.0243,.0243,.0240,.0239,.0192,.0192,.0191,.0184,.0184,.0184,.0182,.0182,.0182,.0168,.0157,.0157,.0156,.0135,.0159,.0156,.0168,.0168,.0168,.0200,.0104,.0103,.0103,.0059,.0059,.0059,.0059,.0059,.0187,.0182,.0182,.0182,.0211,.0111,.0110,.0110,.0110,.0061,.0061,.0061,.0061,.0061,.0054,.0054,.0054,.0031,.0031,.0028,.0028,.0013,.0013
.0663,.0663,.0520,.0551,.0636,.1835,.1954,.2032,.3116,.3193,.4108,1,.5428,.7498,.3920,.5393,.5393,.2982,.1903,.1903,.2131,.1613,.2465,.2465,.2469,.1371,.0579,.0545,.0465,.0465,.0459,.0456,.0392,.0392,.0385,.0383,.0382,.0382,.0352,.0352,.0353,.0342,.0286,.0279,.0277,.0238,.0282,.0275,.0270,.0270,.0270,.0406,.0120,.0120,.0120,.0059,.0059,.0059,.0059,.0059,.0305,.0297,.0297,.0297,.0437,.0134,.0134,.0134,.0134,.0060,.0060,.0060,.0060,.0061,.0052,.0052,.0047,.0042,.0042,.0037,.0037,.0013,.0013
.0659,.0659,.0518,.0549,.0635,.1829,.1949,.2026,.3096,.3171,.4028,.5428,1,.7807,.4298,.5606,.5606,.3223,.2018,.2018,.2244,.1725,.2591,.2591,.2594,.1464,.0599,.0562,.0483,.0483,.0475,.0471,.0407,.0407,.0400,.0398,.0397,.0397,.0367,.0367,.0368,.0357,.0307,.0295,.0293,.0255,.0302,.0294,.0290,.0289,.0290,.0434,.0126,.0126,.0126,.0062,.0062,.0062,.0062,.0062,.0326,.0318,.0318,.0318,.0467,.0140,.0141,.0140,.0140,.0064,.0064,.0064,.0064,.0064,.0055,.0055,.0050,.0044,.0044,.0037,.0037,.0013,.0013
.0317,.0317,.0280,.0283,.0335,.1119,.1278,.1353,.2227,.2271,.3101,.7498,.7807,1,.4752,.7622,.7622,.5764,.3979,.3979,.3905,.2989,.3597,.3597,.3655,.1999,.0772,.0734,.0640,.0640,.0609,.0605,.0530,.0530,.0521,.0525,.0523,.0523,.0481,.0481,.0477,.0455,.0401,.0393,.0390,.0334,.0393,.0384,.0378,.0378,.0378,.0564,.0161,.0160,.0160,.0088,.0088,.0088,.0088,.0088,.0426,.0418,.0418,.0418,.0602,.0170,.0171,.0171,.0171,.0088,.0087,.0087,.0087,.0088,.0074,.0074,.0069,.0064,.0064,.0059,.0059,.0019,.0019
.0229,.0229,.0215,.0217,.0270,.1002,.1164,.1251,.2128,.2157,.2798,.3920,.4298,.4752,1,.8383,.8383,.7949,.2637,.2637,.2613,.2469,.4734,.4734,.4770,.1750,.0455,.0452,.0486,.0486,.0467,.0464,.0410,.0410,.0408,.0406,.0405,.0404,.0365,.0365,.0366,.0451,.0394,.0387,.0384,.0334,.0397,.0389,.0387,.0387,.0387,.0543,.0113,.0113,.0113,.0080,.0080,.0080,.0080,.0080,.0427,.0418,.0418,.0418,.0575,.0122,.0122,.0122,.0122,.0082,.0082,.0082,.0082,.0082,.0064,.0064,.0059,.0059,.0059,.0054,.0054,.0018,.0018
.0274,.0274,.0242,.0245,.0290,.0859,.1007,.1069,.1705,.1753,.2309,.5393,.5606,.7622,.8383,1,.4051,.4830,.5457,.5457,.5373,.4743,.2733,.2733,.2778,.3205,.1185,.1129,.0995,.0995,.0964,.0953,.0712,.0712,.0703,.0698,.0686,.0686,.0617,.0617,.0613,.0585,.0556,.0548,.0548,.0465,.0586,.0572,.0569,.0569,.0570,.0863,.0209,.0209,.0209,.0114,.0114,.0114,.0114,.0114,.0632,.0628,.0622,.0622,.0918,.0208,.0208,.0208,.0208,.0109,.0109,.0109,.0109,.0110,.0088,.0088,.0083,.0067,.0067,.0060,.0060,.0014,.0014
.0274,.0274,.0242,.0245,.0290,.0859,.1007,.1069,.1705,.1753,.2309,.5393,.5606,.7622,.8383,.4051,1,.4830,.5457,.5457,.5373,.4743,.2733,.2733,.2778,.3205,.1185,.1129,.0995,.0995,.0964,.0953,.0712,.0712,.0703,.0698,.0686,.0686,.0617,.0617,.0613,.0585,.0556,.0548,.0548,.0465,.0586,.0572,.0569,.0569,.0570,.0863,.0209,.0209,.0209,.0114,.0114,.0114,.0114,.0114,.0632,.0628,.0622,.0622,.0918,.0208,.0208,.0208,.0208,.0109,.0109,.0109,.0109,.0110,.0088,.0088,.0083,.0067,.0067,.0060,.0060,.0014,.0014
.0248,.0248,.0231,.0233,.0271,.0818,.0966,.1052,.1745,.1772,.2325,.2982,.3223,.5764,.7949,.4830,.4830,1,.5342,.5342,.5209,.4900,.6148,.6148,.6173,.3192,.0897,.0859,.0762,.0762,.0732,.0728,.0690,.0690,.0675,.0680,.0678,.0677,.0613,.0613,.0599,.0628,.0556,.0555,.0551,.0471,.0569,.0557,.0554,.0554,.0554,.0781,.0176,.0176,.0176,.0115,.0115,.0115,.0115,.0115,.0595,.0591,.0591,.0592,.0822,.0185,.0186,.0186,.0186,.0115,.0115,.0115,.0115,.0115,.0093,.0093,.0089,.0082,.0082,.0073,.0073,.0019,.0019
.0159,.0159,.0145,.0146,.0182,.0383,.0475,.0518,.0785,.0805,.1246,.1903,.2018,.3979,.2637,.5457,.5457,.5342,1,.9245,.9345,.9181,.4812,.4812,.4752,.7359,.2075,.1994,.1944,.1944,.1874,.1854,.1752,.1752,.1732,.1765,.1758,.1757,.1612,.1612,.1607,.1667,.1419,.1412,.1395,.1198,.1394,.1366,.1356,.1355,.1356,.1964,.0194,.0193,.0193,.0151,.0151,.0151,.0151,.0151,.1452,.1444,.1444,.1445,.2068,.0203,.0204,.0204,.0203,.0142,.0142,.0142,.0142,.0143,.0113,.0113,.0108,.0100,.0100,.0091,.0091,.0031,.0031
.0159,.0159,.0145,.0146,.0182,.0383,.0475,.0518,.0785,.0805,.1246,.1903,.2018,.3979,.2637,.5457,.5457,.5342,.9245,1,.9345,.9181,.4812,.4812,.4752,.7359,.2075,.1994,.1944,.1944,.1874,.1854,.1752,.1752,.1732,.1765,.1758,.1757,.1612,.1612,.1607,.1667,.1419,.1412,.1395,.1198,.1394,.1366,.1356,.1355,.1356,.1964,.0194,.0193,.0193,.0151,.0151,.0151,.0151,.0151,.1452,.1444,.1444,.1445,.2068,.0203,.0204,.0204,.0203,.0142,.0142,.0142,.0142,.0143,.0113,.0113,.0108,.0100,.0100,.0091,.0091,.0031,.0031
.0159,.0159,.0144,.0146,.0182,.0399,.0491,.0537,.0798,.0818,.1241,.2131,.2244,.3905,.2613,.5373,.5373,.5209,.9345,.9345,1,.9764,.5104,.5104,.5042,.7867,.2385,.2197,.2139,.2139,.2059,.2038,.1902,.1902,.1881,.1913,.1906,.1905,.1720,.1720,.1716,.1682,.1554,.1547,.1523,.1308,.1521,.1491,.1479,.1479,.1480,.2216,.0193,.0193,.0193,.0151,.0151,.0151,.0151,.0151,.1585,.1576,.1576,.1577,.2335,.0203,.0203,.0203,.0203,.0142,.0142,.0142,.0142,.0143,.0113,.0113,.0108,.0100,.0100,.0091,.0091,.0031,.0031
.0156,.0156,.0142,.0143,.0179,.0370,.0460,.0507,.0773,.0793,.1211,.1613,.1725,.2989,.2469,.4743,.4743,.4900,.9181,.9181,.9764,1,.5185,.5185,.5123,.8212,.2813,.2630,.2558,.2558,.2515,.2492,.2355,.2355,.2342,.2364,.2364,.2363,.2248,.2248,.2251,.2211,.1844,.1835,.1825,.1568,.1812,.1776,.1761,.1761,.1762,.2556,.0174,.0174,.0174,.0141,.0141,.0141,.0141,.0141,.1896,.1886,.1882,.1882,.2702,.0197,.0197,.0197,.0197,.0133,.0133,.0133,.0133,.0133,.0105,.0104,.0099,.0091,.0091,.0083,.0083,.0027,.0027
.0137,.0137,.0136,.0137,.0173,.0499,.0605,.0620,.0966,.0996,.1314,.2465,.2591,.3597,.4734,.2733,.2733,.6148,.4812,.4812,.5104,.5185,1,1.0099,1.0296,.9541,.8397,.8335,.7790,.7790,.7667,.7611,.6902,.6902,.6838,.6842,.6825,.6820,.6366,.6366,.6395,.6441,.5409,.5323,.5279,.4668,.5058,.5000,.4937,.4937,.4922,.6321,.0692,.0691,.0691,.0454,.0454,.0461,.0461,.0461,.5104,.5090,.5088,.5071,.6483,.0556,.0556,.0556,.0556,.0389,.0389,.0405,.0405,.0406,.0254,.0256,.0231,.0223,.0223,.0187,.0187,.0058,.0058
.0137,.0137,.0136,.0137,.0173,.0499,.0605,.0620,.0966,.0996,.1314,.2465,.2591,.3597,.4734,.2733,.2733,.6148,.4812,.4812,.5104,.5185,1.0099,1,1.0296,.9541,.8397,.8335,.7790,.7790,.7667,.7611,.6902,.6902,.6838,.6842,.6825,.6820,.6366,.6366,.6395,.6441,.5409,.5323,.5279,.4668,.5058,.5000,.4937,.4937,.4922,.6321,.0692,.0691,.0691,.0454,.0454,.0461,.0461,.0461,.5104,.5090,.5088,.5071,.6483,.0556,.0556,.0556,.0556,.0389,.0389,.0405,.0405,.0406,.0254,.0256,.0231,.0223,.0223,.0187,.0187,.0058,.0058
.0135,.0135,.0135,.0136,.0175,.0514,.0620,.0635,.0982,.1011,.1323,.2469,.2594,.3655,.4770,.2778,.2778,.6173,.4752,.4752,.5042,.5123,1.0296,1.0296,1,1.0166,.8678,.8711,.8043,.8043,.7947,.7889,.6965,.6965,.6901,.6904,.6931,.6920,.6439,.6439,.6466,.6469,.5179,.5095,.5052,.4473,.4866,.4812,.4751,.4750,.4735,.6062,.0707,.0706,.0706,.0468,.0468,.0475,.0475,.0475,.4912,.4898,.4897,.4880,.6215,.0588,.0588,.0588,.0588,.0410,.0410,.0426,.0426,.0426,.0273,.0276,.0250,.0242,.0242,.0216,.0216,.0068,.0068
.0071,.0071,.0073,.0073,.0112,.0261,.0341,.0339,.0491,.0507,.0744,.1371,.1464,.1999,.1750,.3205,.3205,.3192,.7359,.7359,.7867,.8212,.9541,.9541,1.0166,1,.9611,.9592,.8678,.8678,.8423,.8372,.7539,.7539,.7483,.7405,.7354,.7355,.7034,.7034,.7003,.7046,.6252,.6166,.6115,.5422,.5955,.5866,.5798,.5797,.5800,.7499,.0719,.0719,.0718,.0488,.0487,.0495,.0495,.0495,.5987,.5969,.5968,.5970,.7690,.0609,.0609,.0609,.0609,.0426,.0426,.0442,.0442,.0442,.0296,.0298,.0275,.0266,.0266,.0240,.0240,.0078,.0078
.0015,.0015,.0022,.0014,.0027,.0130,.0190,.0193,.0273,.0280,.0292,.0579,.0599,.0772,.0455,.1185,.1185,.0897,.2075,.2075,.2385,.2813,.8397,.8397,.8678,.9611,1,1.2454,1.1239,1.1239,1.0850,1.0693,.9213,.9213,.9249,.9038,.8972,.8972,.7731,.7731,.7828,.7331,.6069,.6003,.5867,.5249,.5944,.5841,.5677,.5676,.5660,.7348,.1130,.1130,.1129,.0765,.0765,.0772,.0772,.0773,.5930,.5915,.5899,.5881,.7498,.0880,.0881,.0880,.0880,.0609,.0609,.0628,.0628,.0629,.0437,.0439,.0400,.0392,.0391,.0357,.0357,.0119,.0119
.0015,.0015,.0021,.0014,.0026,.0133,.0193,.0196,.0276,.0283,.0285,.0545,.0562,.0734,.0452,.1129,.1129,.0859,.1994,.1994,.2197,.2630,.8335,.8335,.8711,.9592,1.2454,1,1.1286,1.1286,1.0890,1.0958,.9707,.9707,.9743,.9504,.9413,.9413,.7851,.7851,.7959,.7380,.6061,.5992,.5840,.5229,.5914,.5812,.5636,.5635,.5619,.7410,.1151,.1150,.1149,.0788,.0788,.0795,.0795,.0795,.5861,.5843,.5828,.5809,.7528,.0903,.0903,.0903,.0903,.0633,.0633,.0652,.0652,.0652,.0472,.0474,.0435,.0427,.0426,.0393,.0393,.0132,.0132
.0010,.0010,.0016,.0009,.0020,.0110,.0165,.0163,.0232,.0239,.0243,.0465,.0483,.0640,.0486,.0995,.0995,.0762,.1944,.1944,.2139,.2558,.7790,.7790,.8043,.8678,1.1239,1.1286,1,1.1585,1.1088,1.0893,.9733,.9733,.9777,.9595,.9501,.9501,.7850,.7850,.7973,.7304,.5534,.5480,.5331,.4831,.5243,.5175,.5083,.5082,.5062,.6411,.1302,.1297,.1297,.0897,.0897,.0904,.0904,.0904,.5233,.5216,.5200,.5178,.6499,.1051,.1048,.1047,.1047,.0737,.0737,.0755,.0755,.0755,.0562,.0564,.0526,.0518,.0518,.0500,.0500,.0175,.0175
.0010,.0010,.0016,.0009,.0020,.0110,.0165,.0163,.0232,.0239,.0243,.0465,.0483,.0640,.0486,.0995,.0995,.0762,.1944,.1944,.2139,.2558,.7790,.7790,.8043,.8678,1.1239,1.1286,1.1585,1,1.1088,1.0893,.9733,.9733,.9777,.9595,.9501,.9501,.7850,.7850,.7973,.7304,.5534,.5480,.5331,.4831,.5243,.5175,.5083,.5082,.5062,.6411,.1302,.1297,.1297,.0897,.0897,.0904,.0904,.0904,.5233,.5216,.5200,.5178,.6499,.1051,.1048,.1047,.1047,.0737,.0737,.0755,.0755,.0755,.0562,.0564,.0526,.0518,.0518,.0500,.0500,.0175,.0175
.0013,.0013,.0018,.0011,.0022,.0107,.0161,.0159,.0229,.0235,.0240,.0459,.0475,.0609,.0467,.0964,.0964,.0732,.1874,.1874,.2059,.2515,.7667,.7667,.7947,.8423,1.0850,1.0890,1.1088,1.1088,1,1.0988,.9517,.9517,.9530,.9348,.9228,.9229,.7880,.7880,.7967,.7355,.5660,.5635,.5555,.5056,.5431,.5335,.5205,.5204,.5185,.6378,.1426,.1422,.1422,.0976,.0976,.0983,.0983,.0983,.5243,.5226,.5211,.5189,.6413,.1126,.1105,.1104,.1104,.0779,.0779,.0796,.0796,.0797,.0584,.0586,.0548,.0540,.0540,.0523,.0523,.0188,.0188
.0010,.0010,.0016,.0009,.0019,.0106,.0160,.0158,.0228,.0234,.0239,.0456,.0471,.0605,.0464,.0953,.0953,.0728,.1854,.1854,.2038,.2492,.7611,.7611,.7889,.8372,1.0693,1.0958,1.0893,1.0893,1.0988,1,1.0149,1.0149,1.0057,.9698,.9576,.9577,.7790,.7790,.7878,.7320,.5628,.5603,.5528,.5029,.5406,.5308,.5182,.5181,.5161,.6340,.1455,.1451,.1450,.0998,.0998,.1005,.1005,.1005,.5217,.5200,.5185,.5163,.6380,.1164,.1146,.1146,.1146,.0810,.0810,.0827,.0827,.0828,.0606,.0608,.0570,.0562,.0562,.0545,.0545,.0193,.0193
.0007,.0007,.0015,.0009,.0019,.0103,.0147,.0145,.0181,.0187,.0192,.0392,.0407,.0530,.0410,.0712,.0712,.0690,.1752,.1752,.1902,.2355,.6902,.6902,.6965,.7539,.9213,.9707,.9733,.9733,.9517,1.0149,1,1.0573,1.0846,1.0461,.9548,.9551,.8284,.8284,.8468,.7762,.5417,.5378,.5325,.4908,.4923,.4835,.4630,.4629,.4631,.5299,.1593,.1589,.1589,.1136,.1136,.1143,.1143,.1143,.4443,.4427,.4413,.4414,.5258,.1229,.1195,.1195,.1194,.0861,.0861,.0879,.0879,.0880,.0658,.0659,.0621,.0602,.0600,.0575,.0575,.0207,.0207
.0007,.0007,.0015,.0009,.0019,.0103,.0147,.0145,.0181,.0187,.0192,.0392,.0407,.0530,.0410,.0712,.0712,.0690,.1752,.1752,.1902,.2355,.6902,.6902,.6965,.7539,.9213,.9707,.9733,.9733,.9517,1.0149,1.0573,1,1.0846,1.0461,.9548,.9551,.8284,.8284,.8468,.7762,.5417,.5378,.5325,.4908,.4923,.4835,.4630,.4629,.4631,.5299,.1593,.1589,.1589,.1136,.1136,.1143,.1143,.1143,.4443,.4427,.4413,.4414,.5258,.1229,.1195,.1195,.1194,.0861,.0861,.0879,.0879,.0880,.0658,.0659,.0621,.0602,.0600,.0575,.0575,.0207,.0207
.0007,.0007,.0015,.0009,.0018,.0102,.0146,.0144,.0180,.0186,.0191,.0385,.0400,.0521,.0408,.0703,.0703,.0675,.1732,.1732,.1881,.2342,.6838,.6838,.6901,.7483,.9249,.9743,.9777,.9777,.9530,1.0057,1.0846,1.0846,1,1.0294,.9518,.9521,.8307,.8307,.8469,.7722,.5402,.5359,.5304,.4895,.4947,.4859,.4618,.4618,.4620,.5285,.1611,.1607,.1607,.1151,.1151,.1157,.1158,.1158,.4449,.4434,.4419,.4420,.5230,.1237,.1203,.1202,.1202,.0865,.0865,.0886,.0886,.0887,.0665,.0667,.0624,.0606,.0603,.0578,.0578,.0209,.0209
.0007,.0007,.0015,.0009,.0018,.0102,.0139,.0137,.0173,.0179,.0184,.0383,.0398,.0525,.0406,.0698,.0698,.0680,.1765,.1765,.1913,.2364,.6842,.6842,.6904,.7405,.9038,.9504,.9595,.9595,.9348,.9698,1.0461,1.0461,1.0294,1,1.0045,1.0049,.8535,.8535,.8598,.7852,.5443,.5398,.5348,.4949,.4920,.4823,.4567,.4566,.4547,.5204,.1669,.1665,.1664,.1181,.1181,.1188,.1188,.1188,.4388,.4378,.4363,.4342,.5153,.1306,.1272,.1272,.1271,.0902,.0901,.0922,.0922,.0923,.0694,.0696,.0648,.0628,.0625,.0604,.0604,.0220,.0220
.0007,.0007,.0015,.0009,.0018,.0101,.0139,.0137,.0173,.0179,.0184,.0382,.0397,.0523,.0405,.0686,.0686,.0678,.1758,.1758,.1906,.2364,.6825,.6825,.6931,.7354,.8972,.9413,.9501,.9501,.9228,.9576,.9548,.9548,.9518,1.0045,1,1.1025,.8897,.8897,.8872,.8104,.5693,.5682,.5590,.5194,.4960,.4862,.4618,.4617,.4598,.5362,.1787,.1783,.1783,.1246,.1246,.1252,.1252,.1253,.4341,.4332,.4318,.4297,.5215,.1351,.1312,.1311,.1311,.0920,.0920,.0934,.0934,.0935,.0705,.0707,.0666,.0645,.0642,.0621,.0621,.0227,.0227
.0007,.0007,.0015,.0009,.0018,.0101,.0139,.0137,.0173,.0179,.0184,.0382,.0397,.0523,.0404,.0686,.0686,.0677,.1757,.1757,.1905,.2363,.6820,.6820,.6920,.7355,.8972,.9413,.9501,.9501,.9229,.9577,.9551,.9551,.9521,1.0049,1.1025,1,.8897,.8897,.8872,.8104,.5694,.5683,.5591,.5195,.4961,.4864,.4619,.4619,.4600,.5363,.1797,.1793,.1792,.1253,.1253,.1259,.1259,.1260,.4342,.4334,.4319,.4298,.5216,.1351,.1311,.1311,.1310,.0920,.0920,.0934,.0934,.0935,.0705,.0707,.0666,.0645,.0642,.0621,.0621,.0227,.0227
.0004,.0004,.0015,.0008,.0018,.0091,.0128,.0126,.0171,.0176,.0182,.0352,.0367,.0481,.0365,.0617,.0617,.0613,.1612,.1612,.1720,.2248,.6366,.6366,.6439,.7034,.7731,.7851,.7850,.7850,.7880,.7790,.8284,.8284,.8307,.8535,.8897,.8897,1,1.0891,1.0769,1.0005,.6688,.6684,.6615,.6168,.5761,.5668,.5256,.5256,.5237,.5739,.2373,.2369,.2368,.1579,.1578,.1585,.1585,.1586,.4738,.4721,.4707,.4686,.5484,.1832,.1794,.1793,.1793,.1136,.1135,.1149,.1149,.1150,.0862,.0864,.0826,.0806,.0803,.0770,.0770,.0287,.0287
.0004,.0004,.0015,.0008,.0018,.0091,.0128,.0126,.0171,.0176,.0182,.0352,.0367,.0481,.0365,.0617,.0617,.0613,.1612,.1612,.1720,.2248,.6366,.6366,.6439,.7034,.7731,.7851,.7850,.7850,.7880,.7790,.8284,.8284,.8307,.8535,.8897,.8897,1.0891,1,1.0769,1.0005,.6688,.6684,.6615,.6168,.5761,.5668,.5256,.5256,.5237,.5739,.2373,.2369,.2368,.1579,.1578,.1585,.1585,.1586,.4738,.4721,.4707,.4686,.5484,.1832,.1794,.1793,.1793,.1136,.1135,.1149,.1149,.1150,.0862,.0864,.0826,.0806,.0803,.0770,.0770,.0287,.0287
.0004,.0004,.0015,.0008,.0018,.0091,.0128,.0126,.0171,.0177,.0182,.0353,.0368,.0477,.0366,.0613,.0613,.0599,.1607,.1607,.1716,.2251,.6395,.6395,.6466,.7003,.7828,.7959,.7973,.7973,.7967,.7878,.8468,.8468,.8469,.8598,.8872,.8872,1.0769,1.0769,1,1.0191,.6822,.6812,.6741,.6296,.5773,.5685,.5262,.5261,.5243,.5765,.2458,.2454,.2454,.1640,.1640,.1647,.1647,.1647,.4766,.4746,.4732,.4711,.5504,.1903,.1865,.1864,.1864,.1184,.1184,.1198,.1198,.1199,.0897,.0898,.0858,.0838,.0835,.0802,.0802,.0299,.0299
.0004,.0004,.0015,.0008,.0021,.0094,.0130,.0128,.0157,.0163,.0168,.0342,.0357,.0455,.0451,.0585,.0585,.0628,.1667,.1667,.1682,.2211,.6441,.6441,.6469,.7046,.7331,.7380,.7304,.7304,.7355,.7320,.7762,.7762,.7722,.7852,.8104,.8104,1.0005,1.0005,1.0191,1,.7141,.7117,.7053,.6611,.5876,.5758,.5363,.5363,.5344,.5802,.2691,.2686,.2686,.1795,.1795,.1801,.1802,.1802,.4763,.4756,.4742,.4747,.5604,.2068,.2045,.2044,.2044,.1304,.1304,.1318,.1318,.1319,.1001,.1002,.0941,.0925,.0922,.0873,.0873,.0327,.0327
.0006,.0006,.0014,.0008,.0020,.0084,.0120,.0118,.0148,.0154,.0157,.0286,.0307,.0401,.0394,.0556,.0556,.0556,.1419,.1419,.1554,.1844,.5409,.5409,.5179,.6252,.6069,.6061,.5534,.5534,.5660,.5628,.5417,.5417,.5402,.5443,.5693,.5694,.6688,.6688,.6822,.7141,1,1.0400,1.0317,.9861,.7835,.7680,.6974,.6980,.6899,.6147,.4265,.4260,.4259,.2732,.2732,.2739,.2740,.2740,.6027,.5963,.5970,.5883,.5662,.3471,.3465,.3464,.3463,.2194,.2194,.2207,.2207,.2209,.1709,.1709,.1642,.1615,.1611,.1537,.1537,.0572,.0572
.0006,.0006,.0014,.0008,.0017,.0081,.0116,.0114,.0148,.0154,.0157,.0279,.0295,.0393,.0387,.0548,.0548,.0555,.1412,.1412,.1547,.1835,.5323,.5323,.5095,.6166,.6003,.5992,.5480,.5480,.5635,.5603,.5378,.5378,.5359,.5398,.5682,.5683,.6684,.6684,.6812,.7117,1.0400,1,1.0210,.9790,.7667,.7562,.6830,.6832,.6750,.6158,.4355,.4350,.4349,.2795,.2781,.2788,.2789,.2789,.5912,.5845,.5847,.5761,.5531,.3526,.3520,.3519,.3518,.2229,.2218,.2232,.2232,.2234,.1739,.1739,.1677,.1650,.1646,.1561,.1561,.0578,.0578
.0006,.0006,.0014,.0008,.0020,.0084,.0119,.0117,.0147,.0153,.0156,.0277,.0293,.0390,.0384,.0548,.0548,.0551,.1395,.1395,.1523,.1825,.5279,.5279,.5052,.6115,.5867,.5840,.5331,.5331,.5555,.5528,.5325,.5325,.5304,.5348,.5590,.5591,.6615,.6615,.6741,.7053,1.0317,1.0210,1,.9872,.7850,.7723,.7024,.7025,.6944,.6210,.4437,.4431,.4430,.2840,.2826,.2833,.2834,.2834,.6086,.6069,.6071,.5985,.5570,.3599,.3576,.3575,.3574,.2248,.2236,.2250,.2250,.2252,.1747,.1747,.1685,.1658,.1655,.1559,.1559,.0579,.0579
.0005,.0005,.0012,.0007,.0018,.0073,.0103,.0102,.0127,.0132,.0135,.0238,.0255,.0334,.0334,.0465,.0465,.0471,.1198,.1198,.1308,.1568,.4668,.4668,.4473,.5422,.5249,.5229,.4831,.4831,.5056,.5029,.4908,.4908,.4895,.4949,.5194,.5195,.6168,.6168,.6296,.6611,.9861,.9790,.9872,1,.7006,.6902,.6151,.6155,.6129,.5184,.3858,.3853,.3852,.2724,.2712,.2717,.2717,.2717,.5202,.5123,.5128,.5100,.4810,.3206,.3189,.3188,.3187,.2069,.2055,.2067,.2067,.2068,.1644,.1644,.1571,.1555,.1552,.1482,.1482,.0603,.0603
.0012,.0012,.0011,.0011,.0023,.0087,.0122,.0120,.0150,.0156,.0159,.0282,.0302,.0393,.0397,.0586,.0586,.0569,.1394,.1394,.1521,.1812,.5058,.5058,.4866,.5955,.5944,.5914,.5243,.5243,.5431,.5406,.4923,.4923,.4947,.4920,.4960,.4961,.5761,.5761,.5773,.5876,.7835,.7667,.7850,.7006,1,.3627,.4075,.4227,.4304,.3489,.4789,.4780,.4779,.2766,.2752,.2758,.2758,.2767,.3236,.3338,.3468,.3444,.2210,.3043,.3014,.3013,.3012,.1707,.1707,.1711,.1711,.1712,.1449,.1448,.1418,.1180,.1179,.1307,.1307,.0536,.0536
.0009,.0009,.0009,.0009,.0021,.0085,.0120,.0118,.0147,.0153,.0156,.0275,.0294,.0384,.0389,.0572,.0572,.0557,.1366,.1366,.1491,.1776,.5000,.5000,.4812,.5866,.5841,.5812,.5175,.5175,.5335,.5308,.4835,.4835,.4859,.4823,.4862,.4864,.5668,.5668,.5685,.5758,.7680,.7562,.7723,.6902,.3627,1,.3959,.4109,.4275,.2982,.4227,.4219,.4218,.2407,.2407,.2412,.2413,.2413,.2937,.3087,.3215,.3253,.2211,.3034,.3006,.3005,.3004,.1725,.1724,.1728,.1728,.1730,.1478,.1477,.1447,.1212,.1211,.1337,.1337,.0552,.0552
.0009,.0009,.0009,.0009,.0035,.0108,.0142,.0149,.0160,.0165,.0168,.0270,.0290,.0378,.0387,.0569,.0569,.0554,.1356,.1356,.1479,.1761,.4937,.4937,.4751,.5798,.5677,.5636,.5083,.5083,.5205,.5182,.4630,.4630,.4618,.4567,.4618,.4619,.5256,.5256,.5262,.5363,.6974,.6830,.7024,.6151,.4075,.3959,1,.2274,.2922,.3021,.4112,.4205,.4204,.2343,.2342,.2348,.2349,.2349,.3305,.2565,.2787,.3171,.2156,.3059,.3131,.3130,.3129,.1667,.1676,.1680,.1680,.1682,.1342,.1341,.1292,.1255,.1254,.1184,.1184,.0494,.0494
.0009,.0009,.0009,.0009,.0035,.0108,.0142,.0149,.0159,.0165,.0168,.0270,.0289,.0378,.0387,.0569,.0569,.0554,.1355,.1355,.1479,.1761,.4937,.4937,.4750,.5797,.5676,.5635,.5082,.5082,.5204,.5181,.4629,.4629,.4618,.4566,.4617,.4619,.5256,.5256,.5261,.5363,.6980,.6832,.7025,.6155,.4227,.4109,.2274,1,.2731,.3013,.4103,.4195,.4194,.2340,.2340,.2346,.2346,.2347,.3435,.2798,.2576,.3011,.2151,.3053,.3124,.3123,.3123,.1667,.1676,.1680,.1680,.1682,.1342,.1341,.1292,.1255,.1254,.1185,.1185,.0495,.0494
.0009,.0009,.0009,.0009,.0035,.0108,.0142,.0149,.0160,.0165,.0168,.0270,.0290,.0378,.0387,.0570,.0570,.0554,.1356,.1356,.1480,.1762,.4922,.4922,.4735,.5800,.5660,.5619,.5062,.5062,.5185,.5161,.4631,.4631,.4620,.4547,.4598,.4600,.5237,.5237,.5243,.5344,.6899,.6750,.6944,.6129,.4304,.4275,.2922,.2731,1,.3030,.4109,.4202,.4201,.2344,.2344,.2350,.2350,.2350,.3545,.3183,.3011,.2575,.2170,.3062,.3134,.3132,.3132,.1673,.1682,.1686,.1686,.1688,.1350,.1349,.1300,.1263,.1263,.1193,.1193,.0498,.0498
.0017,.0017,.0014,.0014,.0019,.0100,.0144,.0142,.0188,.0196,.0200,.0406,.0434,.0564,.0543,.0863,.0863,.0781,.1964,.1964,.2216,.2556,.6321,.6321,.6062,.7499,.7348,.7410,.6411,.6411,.6378,.6340,.5299,.5299,.5285,.5204,.5362,.5363,.5739,.5739,.5765,.5802,.6147,.6158,.6210,.5184,.3489,.2982,.3021,.3013,.3030,1,.4501,.4620,.4629,.3728,.3711,.3701,.3702,.3709,.2764,.2726,.2721,.2737,.3517,.4543,.4549,.4547,.4550,.2834,.2838,.2850,.2850,.2859,.2305,.2304,.2212,.2165,.2157,.2006,.2006,.0668,.0668
.0004,.0004,.0003,.0003,.0003,.0134,.0178,.0175,.0166,.0166,.0104,.0120,.0126,.0161,.0113,.0209,.0209,.0176,.0194,.0194,.0193,.0174,.0692,.0692,.0707,.0719,.1130,.1151,.1302,.1302,.1426,.1455,.1593,.1593,.1611,.1669,.1787,.1797,.2373,.2373,.2458,.2691,.4265,.4355,.4437,.3858,.4789,.4227,.4112,.4103,.4109,.4501,1,.5017,.5029,.4227,.4207,.4246,.4247,.4207,.3259,.3224,.3211,.3217,.4611,.6063,.6083,.6037,.6041,.3364,.3368,.3375,.3375,.3388,.2642,.2641,.2544,.2483,.2473,.2312,.2312,.0683,.0683
.0004,.0004,.0003,.0003,.0003,.0134,.0178,.0175,.0166,.0166,.0103,.0120,.0126,.0160,.0113,.0209,.0209,.0176,.0193,.0193,.0193,.0174,.0691,.0691,.0706,.0719,.1130,.1150,.1297,.1297,.1422,.1451,.1589,.1589,.1607,.1665,.1783,.1793,.2369,.2369,.2454,.2686,.4260,.4350,.4431,.3853,.4780,.4219,.4205,.4195,.4202,.4620,.5017,1,.4634,.4170,.4151,.4190,.4191,.4151,.3349,.3319,.3306,.3312,.4675,.6160,.6006,.5989,.5992,.3367,.3372,.3379,.3379,.3392,.2652,.2642,.2545,.2483,.2474,.2313,.2313,.0684,.0684
.0004,.0004,.0003,.0003,.0003,.0134,.0178,.0174,.0166,.0165,.0103,.0120,.0126,.0160,.0113,.0209,.0209,.0176,.0193,.0193,.0193,.0174,.0691,.0691,.0706,.0718,.1129,.1149,.1297,.1297,.1422,.1450,.1589,.1589,.1607,.1664,.1783,.1792,.2368,.2368,.2454,.2686,.4259,.4349,.4430,.3852,.4779,.4218,.4204,.4194,.4201,.4629,.5029,.4634,1,.4172,.4152,.4191,.4192,.4152,.3348,.3318,.3305,.3311,.4678,.6164,.6009,.5992,.5993,.3369,.3374,.3380,.3380,.3393,.2654,.2644,.2546,.2485,.2476,.2315,.2315,.0685,.0684
.0002,.0002,.0002,.0002,.0002,.0083,.0107,.0106,.0094,.0094,.0059,.0059,.0062,.0088,.0080,.0114,.0114,.0115,.0151,.0151,.0151,.0141,.0454,.0454,.0468,.0488,.0765,.0788,.0897,.0897,.0976,.0998,.1136,.1136,.1151,.1181,.1246,.1253,.1579,.1579,.1640,.1795,.2732,.2795,.2840,.2724,.2766,.2407,.2343,.2340,.2344,.3728,.4227,.4170,.4172,1,.2566,.2586,.2580,.2631,.2195,.1824,.1821,.1824,.2849,.3300,.3276,.3244,.3246,.3205,.3173,.3167,.3167,.3147,.6457,.6446,.6357,.6368,.6361,.6180,.6180,.1765,.1764
.0002,.0002,.0002,.0002,.0002,.0083,.0107,.0106,.0094,.0094,.0059,.0059,.0062,.0088,.0080,.0114,.0114,.0115,.0151,.0151,.0151,.0141,.0454,.0454,.0468,.0487,.0765,.0788,.0897,.0897,.0976,.0998,.1136,.1136,.1151,.1181,.1246,.1253,.1578,.1578,.1640,.1795,.2732,.2781,.2826,.2712,.2752,.2407,.2342,.2340,.2344,.3711,.4207,.4151,.4152,.2566,1,.2529,.2523,.2574,.2195,.1824,.1821,.1824,.2836,.3284,.3260,.3228,.3230,.3180,.3210,.3205,.3204,.3184,.6450,.6440,.6351,.6361,.6355,.6173,.6173,.1768,.1768
.0002,.0002,.0002,.0002,.0002,.0083,.0107,.0106,.0094,.0094,.0059,.0059,.0062,.0088,.0080,.0114,.0114,.0115,.0151,.0151,.0151,.0141,.0461,.0461,.0475,.0495,.0772,.0795,.0904,.0904,.0983,.1005,.1143,.1143,.1157,.1188,.1252,.1259,.1585,.1585,.1647,.1801,.2739,.2788,.2833,.2717,.2758,.2412,.2348,.2346,.2350,.3701,.4246,.4190,.4191,.2586,.2529,1,.2491,.2542,.2197,.1826,.1823,.1826,.2837,.3310,.3286,.3253,.3255,.3165,.3195,.3204,.3204,.3184,.6462,.6452,.6361,.6372,.6365,.6183,.6183,.1771,.1771
.0002,.0002,.0002,.0002,.0002,.0083,.0107,.0106,.0094,.0094,.0059,.0059,.0062,.0088,.0080,.0114,.0114,.0115,.0151,.0151,.0151,.0141,.0461,.0461,.0475,.0495,.0772,.0795,.0904,.0904,.0983,.1005,.1143,.1143,.1158,.1188,.1252,.1259,.1585,.1585,.1647,.1802,.2740,.2789,.2834,.2717,.2758,.2413,.2349,.2346,.2350,.3702,.4247,.4191,.4192,.2580,.2523,.2491,1,.2545,.2198,.1826,.1823,.1827,.2837,.3311,.3287,.3254,.3256,.3168,.3198,.3206,.3207,.3187,.6459,.6448,.6357,.6368,.6361,.6180,.6180,.1770,.1769
.0002,.0002,.0002,.0002,.0002,.0083,.0107,.0106,.0094,.0094,.0059,.0059,.0062,.0088,.0080,.0114,.0114,.0115,.0151,.0151,.0151,.0141,.0461,.0461,.0475,.0495,.0773,.0795,.0904,.0904,.0983,.1005,.1143,.1143,.1158,.1188,.1253,.1260,.1586,.1586,.1647,.1802,.2740,.2789,.2834,.2717,.2767,.2413,.2349,.2347,.2350,.3709,.4207,.4151,.4152,.2631,.2574,.2542,.2545,1,.2198,.1827,.1824,.1827,.2844,.3319,.3295,.3263,.3265,.3155,.3185,.3194,.3194,.3193,.6460,.6449,.6358,.6369,.6362,.6181,.6181,.1770,.1769
.0010,.0010,.0009,.0009,.0037,.0121,.0157,.0165,.0178,.0184,.0187,.0305,.0326,.0426,.0427,.0632,.0632,.0595,.1452,.1452,.1585,.1896,.5104,.5104,.4912,.5987,.5930,.5861,.5233,.5233,.5243,.5217,.4443,.4443,.4449,.4388,.4341,.4342,.4738,.4738,.4766,.4763,.6027,.5912,.6086,.5202,.3236,.2937,.3305,.3435,.3545,.2764,.3259,.3349,.3348,.2195,.2195,.2197,.2198,.2198,1,.3913,.4113,.4324,.3264,.4141,.4200,.4198,.4197,.2414,.2418,.2422,.2422,.2425,.2072,.2071,.2022,.1757,.1757,.1898,.1898,.0723,.0723
.0010,.0010,.0009,.0009,.0037,.0115,.0152,.0159,.0173,.0179,.0182,.0297,.0318,.0418,.0418,.0628,.0628,.0591,.1444,.1444,.1576,.1886,.5090,.5090,.4898,.5969,.5915,.5843,.5216,.5216,.5226,.5200,.4427,.4427,.4434,.4378,.4332,.4334,.4721,.4721,.4746,.4756,.5963,.5845,.6069,.5123,.3338,.3087,.2565,.2798,.3183,.2726,.3224,.3319,.3318,.1824,.1824,.1826,.1826,.1827,.3913,1,.2559,.3331,.3233,.4137,.4201,.4200,.4199,.2235,.2238,.2242,.2242,.2245,.1647,.1646,.1602,.1557,.1557,.1509,.1509,.0572,.0572
.0010,.0010,.0009,.0009,.0037,.0115,.0152,.0159,.0173,.0179,.0182,.0297,.0318,.0418,.0418,.0622,.0622,.0591,.1444,.1444,.1576,.1882,.5088,.5088,.4897,.5968,.5899,.5828,.5200,.5200,.5211,.5185,.4413,.4413,.4419,.4363,.4318,.4319,.4707,.4707,.4732,.4742,.5970,.5847,.6071,.5128,.3468,.3215,.2787,.2576,.3011,.2721,.3211,.3306,.3305,.1821,.1821,.1823,.1823,.1824,.4113,.2559,1,.3054,.3224,.4129,.4194,.4193,.4192,.2234,.2238,.2242,.2242,.2244,.1647,.1646,.1602,.1557,.1556,.1508,.1508,.0571,.0571
.0010,.0010,.0009,.0009,.0037,.0115,.0152,.0159,.0173,.0179,.0182,.0297,.0318,.0418,.0418,.0622,.0622,.0592,.1445,.1445,.1577,.1882,.5071,.5071,.4880,.5970,.5881,.5809,.5178,.5178,.5189,.5163,.4414,.4414,.4420,.4342,.4297,.4298,.4686,.4686,.4711,.4747,.5883,.5761,.5985,.5100,.3444,.3253,.3171,.3011,.2575,.2737,.3217,.3312,.3311,.1824,.1824,.1826,.1827,.1827,.4324,.3331,.3054,1,.3208,.4095,.4160,.4158,.4157,.2263,.2267,.2270,.2270,.2273,.1624,.1623,.1579,.1534,.1534,.1486,.1486,.0563,.0563
.0018,.0018,.0015,.0015,.0020,.0106,.0153,.0150,.0199,.0208,.0211,.0437,.0467,.0602,.0575,.0918,.0918,.0822,.2068,.2068,.2335,.2702,.6483,.6483,.6215,.7690,.7498,.7528,.6499,.6499,.6413,.6380,.5258,.5258,.5230,.5153,.5215,.5216,.5484,.5484,.5504,.5604,.5662,.5531,.5570,.4810,.2210,.2211,.2156,.2151,.2170,.3517,.4611,.4675,.4678,.2849,.2836,.2837,.2837,.2844,.3264,.3233,.3224,.3208,1,.4729,.4829,.4826,.4836,.3360,.3361,.3357,.3357,.3344,.2661,.2660,.2565,.2473,.2472,.2331,.2331,.0761,.0761
.0004,.0004,.0004,.0004,.0004,.0145,.0192,.0188,.0178,.0178,.0111,.0134,.0140,.0170,.0122,.0208,.0208,.0185,.0203,.0203,.0203,.0197,.0556,.0556,.0588,.0609,.0880,.0903,.1051,.1051,.1126,.1164,.1229,.1229,.1237,.1306,.1351,.1351,.1832,.1832,.1903,.2068,.3471,.3526,.3599,.3206,.3043,.3034,.3059,.3053,.3062,.4543,.6063,.6160,.6164,.3300,.3284,.3310,.3311,.3319,.4141,.4137,.4129,.4095,.4729,1,.5163,.5114,.5127,.3921,.3921,.3925,.3925,.3886,.3096,.3096,.3001,.2909,.2907,.2756,.2756,.0796,.0796
.0004,.0004,.0004,.0004,.0004,.0145,.0191,.0189,.0179,.0178,.0110,.0134,.0141,.0171,.0122,.0208,.0208,.0186,.0204,.0204,.0203,.0197,.0556,.0556,.0588,.0609,.0881,.0903,.1048,.1048,.1105,.1146,.1195,.1195,.1203,.1272,.1312,.1311,.1794,.1794,.1865,.2045,.3465,.3520,.3576,.3189,.3014,.3006,.3131,.3124,.3134,.4549,.6083,.6006,.6009,.3276,.3260,.3286,.3287,.3295,.4200,.4201,.4194,.4160,.4829,.5163,1,.4807,.4821,.3925,.3926,.3929,.3929,.3891,.3101,.3091,.2996,.2904,.2902,.2752,.2752,.0794,.0794
.0004,.0004,.0004,.0004,.0004,.0145,.0191,.0188,.0178,.0178,.0110,.0134,.0140,.0171,.0122,.0208,.0208,.0186,.0204,.0204,.0203,.0197,.0556,.0556,.0588,.0609,.0880,.0903,.1047,.1047,.1104,.1146,.1195,.1195,.1202,.1272,.1311,.1311,.1793,.1793,.1864,.2044,.3464,.3519,.3575,.3188,.3013,.3005,.3130,.3123,.3132,.4547,.6037,.5989,.5992,.3244,.3228,.3253,.3254,.3263,.4198,.4200,.4193,.4158,.4826,.5114,.4807,1,.4827,.3923,.3924,.3928,.3928,.3890,.3100,.3090,.2995,.2903,.2901,.2751,.2751,.0794,.0794
.0004,.0004,.0004,.0004,.0004,.0145,.0191,.0188,.0178,.0178,.0110,.0134,.0140,.0171,.0122,.0208,.0208,.0186,.0203,.0203,.0203,.0197,.0556,.0556,.0588,.0609,.0880,.0903,.1047,.1047,.1104,.1146,.1194,.1194,.1202,.1271,.1311,.1310,.1793,.1793,.1864,.2044,.3463,.3518,.3574,.3187,.3012,.3004,.3129,.3123,.3132,.4550,.6041,.5992,.5993,.3246,.3230,.3255,.3256,.3265,.4197,.4199,.4192,.4157,.4836,.5127,.4821,.4827,1,.3925,.3926,.3929,.3929,.3891,.3102,.3092,.2997,.2905,.2903,.2753,.2753,.0795,.0795
.0002,.0002,.0002,.0002,.0002,.0086,.0110,.0110,.0098,.0098,.0061,.0060,.0064,.0088,.0082,.0109,.0109,.0115,.0142,.0142,.0142,.0133,.0389,.0389,.0410,.0426,.0609,.0633,.0737,.0737,.0779,.0810,.0861,.0861,.0865,.0902,.0920,.0920,.1136,.1136,.1184,.1304,.2194,.2229,.2248,.2069,.1707,.1725,.1667,.1667,.1673,.2834,.3364,.3367,.3369,.3205,.3180,.3165,.3168,.3155,.2414,.2235,.2234,.2263,.3360,.3921,.3925,.3923,.3925,1,.2702,.2754,.2754,.2842,.6840,.6832,.6764,.6788,.6786,.6697,.6697,.1917,.1917
.0002,.0002,.0002,.0002,.0002,.0085,.0110,.0110,.0098,.0098,.0061,.0060,.0064,.0087,.0082,.0109,.0109,.0115,.0142,.0142,.0142,.0133,.0389,.0389,.0410,.0426,.0609,.0633,.0737,.0737,.0779,.0810,.0861,.0861,.0865,.0901,.0920,.0920,.1135,.1135,.1184,.1304,.2194,.2218,.2236,.2055,.1707,.1724,.1676,.1676,.1682,.2838,.3368,.3372,.3374,.3173,.3210,.3195,.3198,.3185,.2418,.2238,.2238,.2267,.3361,.3921,.3926,.3924,.3926,.2702,1,.2682,.2681,.2770,.6820,.6812,.6744,.6769,.6767,.6677,.6677,.1918,.1918
.0002,.0002,.0002,.0002,.0002,.0085,.0110,.0110,.0098,.0098,.0061,.0060,.0064,.0087,.0082,.0109,.0109,.0115,.0142,.0142,.0142,.0133,.0405,.0405,.0426,.0442,.0628,.0652,.0755,.0755,.0796,.0827,.0879,.0879,.0886,.0922,.0934,.0934,.1149,.1149,.1198,.1318,.2207,.2232,.2250,.2067,.1711,.1728,.1680,.1680,.1686,.2850,.3375,.3379,.3380,.3167,.3205,.3204,.3206,.3194,.2422,.2242,.2242,.2270,.3357,.3925,.3929,.3928,.3929,.2754,.2682,1,.2618,.2707,.6818,.6810,.6746,.6771,.6770,.6678,.6678,.1919,.1918
.0002,.0002,.0002,.0002,.0002,.0085,.0110,.0110,.0098,.0098,.0061,.0060,.0064,.0087,.0082,.0109,.0109,.0115,.0142,.0142,.0142,.0133,.0405,.0405,.0426,.0442,.0628,.0652,.0755,.0755,.0796,.0827,.0879,.0879,.0886,.0922,.0934,.0934,.1149,.1149,.1198,.1318,.2207,.2232,.2250,.2067,.1711,.1728,.1680,.1680,.1686,.2850,.3375,.3379,.3380,.3167,.3204,.3204,.3207,.3194,.2422,.2242,.2242,.2270,.3357,.3925,.3929,.3928,.3929,.2754,.2681,.2618,1,.2708,.6819,.6811,.6747,.6771,.6770,.6678,.6678,.1919,.1918
.0002,.0002,.0002,.0002,.0002,.0086,.0110,.0110,.0098,.0098,.0061,.0061,.0064,.0088,.0082,.0110,.0110,.0115,.0143,.0143,.0143,.0133,.0406,.0406,.0426,.0442,.0629,.0652,.0755,.0755,.0797,.0828,.0880,.0880,.0887,.0923,.0935,.0935,.1150,.1150,.1199,.1319,.2209,.2234,.2252,.2068,.1712,.1730,.1682,.1682,.1688,.2859,.3388,.3392,.3393,.3147,.3184,.3184,.3187,.3193,.2425,.2245,.2244,.2273,.3344,.3886,.3891,.3890,.3891,.2842,.2770,.2707,.2708,1,.6854,.6847,.6783,.6807,.6806,.6714,.6714,.1930,.1930
.0002,.0002,.0002,.0002,.0001,.0075,.0097,.0097,.0087,.0087,.0054,.0052,.0055,.0074,.0064,.0088,.0088,.0093,.0113,.0113,.0113,.0105,.0254,.0254,.0273,.0296,.0437,.0472,.0562,.0562,.0584,.0606,.0658,.0658,.0665,.0694,.0705,.0705,.0862,.0862,.0897,.1001,.1709,.1739,.1747,.1644,.1449,.1478,.1342,.1342,.1350,.2305,.2642,.2652,.2654,.6457,.6450,.6462,.6459,.6460,.2072,.1647,.1647,.1624,.2661,.3096,.3101,.3100,.3102,.6840,.6820,.6818,.6819,.6854,1,.2464,.2689,.3118,.3112,.4365,.4365,.2222,.2222
.0002,.0002,.0002,.0002,.0001,.0075,.0097,.0097,.0087,.0087,.0054,.0052,.0055,.0074,.0064,.0088,.0088,.0093,.0113,.0113,.0113,.0104,.0256,.0256,.0276,.0298,.0439,.0474,.0564,.0564,.0586,.0608,.0659,.0659,.0667,.0696,.0707,.0707,.0864,.0864,.0898,.1002,.1709,.1739,.1747,.1644,.1448,.1477,.1341,.1341,.1349,.2304,.2641,.2642,.2644,.6446,.6440,.6452,.6448,.6449,.2071,.1646,.1646,.1623,.2660,.3096,.3091,.3090,.3092,.6832,.6812,.6810,.6811,.6847,.2464,1,.2728,.3133,.3127,.4377,.4377,.2227,.2226
.0002,.0002,.0001,.0002,.0001,.0075,.0097,.0097,.0086,.0086,.0054,.0047,.0050,.0069,.0059,.0083,.0083,.0089,.0108,.0108,.0108,.0099,.0231,.0231,.0250,.0275,.0400,.0435,.0526,.0526,.0548,.0570,.0621,.0621,.0624,.0648,.0666,.0666,.0826,.0826,.0858,.0941,.1642,.1677,.1685,.1571,.1418,.1447,.1292,.1292,.1300,.2212,.2544,.2545,.2546,.6357,.6351,.6361,.6357,.6358,.2022,.1602,.1602,.1579,.2565,.3001,.2996,.2995,.2997,.6764,.6744,.6746,.6747,.6783,.2689,.2728,1,.2962,.2955,.4388,.4388,.2273,.2272
.0002,.0002,.0001,.0002,.0001,.0075,.0075,.0076,.0067,.0067,.0031,.0042,.0044,.0064,.0059,.0067,.0067,.0082,.0100,.0100,.0100,.0091,.0223,.0223,.0242,.0266,.0392,.0427,.0518,.0518,.0540,.0562,.0602,.0602,.0606,.0628,.0645,.0645,.0806,.0806,.0838,.0925,.1615,.1650,.1658,.1555,.1180,.1212,.1255,.1255,.1263,.2165,.2483,.2483,.2485,.6368,.6361,.6372,.6368,.6369,.1757,.1557,.1557,.1534,.2473,.2909,.2904,.2903,.2905,.6788,.6769,.6771,.6771,.6807,.3118,.3133,.2962,1,.2510,.4361,.4361,.2268,.2268
.0002,.0002,.0001,.0002,.0001,.0075,.0075,.0076,.0067,.0067,.0031,.0042,.0044,.0064,.0059,.0067,.0067,.0082,.0100,.0100,.0100,.0091,.0223,.0223,.0242,.0266,.0391,.0426,.0518,.0518,.0540,.0562,.0600,.0600,.0603,.0625,.0642,.0642,.0803,.0803,.0835,.0922,.1611,.1646,.1655,.1552,.1179,.1211,.1254,.1254,.1263,.2157,.2473,.2474,.2476,.6361,.6355,.6365,.6361,.6362,.1757,.1557,.1556,.1534,.2472,.2907,.2902,.2901,.2903,.6786,.6767,.6770,.6770,.6806,.3112,.3127,.2955,.2510,1,.4350,.4350,.2269,.2269
.0002,.0002,.0001,.0001,.0006,.0073,.0073,.0074,.0062,.0062,.0028,.0037,.0037,.0059,.0054,.0060,.0060,.0073,.0091,.0091,.0091,.0083,.0187,.0187,.0216,.0240,.0357,.0393,.0500,.0500,.0523,.0545,.0575,.0575,.0578,.0604,.0621,.0621,.0770,.0770,.0802,.0873,.1537,.1561,.1559,.1482,.1307,.1337,.1184,.1185,.1193,.2006,.2312,.2313,.2315,.6180,.6173,.6183,.6180,.6181,.1898,.1509,.1508,.1486,.2331,.2756,.2752,.2751,.2753,.6697,.6677,.6678,.6678,.6714,.4365,.4377,.4388,.4361,.4350,1,.2464,.2089,.2089
